3358288.9957848755
3613356.604891966
3778632.0912808324
3884372.7648424003
3972799.7508328254
4029149.38797258
4088704.281839929
4115566.902536753
4089148.770606395
4077262.9601336466
4026450.639689714
3975208.2796740723
3904227.5125615965
3823031.183062223
3710221.4657125603
3609480.8609166937
3479484.8645862155
3363240.2071905346
3232314.8667259533
3106327.884511535
2998081.949398276
2885981.720518444
2788392.747239756
2682423.233513375
2596523.263928741
2507028.9231609725
2423496.2067138306
2348013.294349562
2282512.2411224917
2220674.7058191113
2163923.816398279
2109289.002001202
2065976.6536924213
2028362.860057477
1992819.659670256
1959778.1974363534
1930065.1646071323
1899828.2468586385
1873429.0382259106
1848270.414815726
1831684.137551646
1812347.3121006745
1793821.410608231
1781959.8861575874
1764858.8985661897
1753293.270331355
1739425.8024189104
1728108.9476155369
1715165.9644155542
1705191.0165141763
1695255.2754920803
1684025.883461213
1681016.2812388453
1672449.1325028401
1665487.9998453835
1656201.417653356
1648745.7469635888
1645262.2579959598
1638988.457769123
1631259.3495609912
1626481.5030306752
1622917.6043583772
1620456.8840772212
1614254.1468888505
1610428.4191448835
1608406.4699438873
1601176.006315691
1599553.594475473
1594662.6879030168
1591745.9018318234
